Version 0.9.7
8
 4 10 175 77 128 0 1
 5 80 400 206 81 2 2
 0 213 170 877 276 8 3
 6 488 23 449 130 140 4
 1 -1 455 206 81 173 6
 3 233 23 203 58 183 7
 0 213 473 877 276 192 8
 0 1097 170 877 276 324 9
 0
199
 255 5 71 189 71 189 71 193 266 193 266 197 266 197 0 1 0 3
 255 5 71 228 71 228 60 228 60 466 14 466 14 466 0 1 0 6
 0 5 71 288 71 288 39 288 39 524 14 524 14 524 0 1 0 6
 0 5 71 275 71 275 71 418 71 418 266 418 266 418 0 1 0 3
 16744703 5 112 466 112 466 112 442 623 442 623 275 630 275 0 6 0 3
 16744448 5 93 466 93 466 93 451 612 451 612 379 617 379 0 6 0 3
 16777088 5 74 466 74 466 74 458 591 458 591 379 591 379 0 6 0 3
 8453888 5 55 466 55 466 565 466 565 466 565 379 565 379 0 6 0 3
 0 5 643 379 643 379 643 379 643 418 643 418 643 418 0 3 0 3
 0 5 318 379 318 379 318 379 318 418 318 418 318 418 0 3 0 3
 255 5 279 197 279 197 279 197 240 197 240 236 240 236 0 3 0 3
 255 5 565 197 565 197 565 197 565 236 565 236 565 236 0 3 0 3
 255 5 331 197 331 197 331 197 331 236 331 236 331 236 0 3 0 3
 0 5 409 418 409 418 409 418 409 379 409 379 409 379 0 3 0 3
 255 5 656 197 656 197 656 197 656 236 656 236 656 236 0 3 0 3
 255 5 747 197 747 197 747 197 747 236 747 236 747 236 0 3 0 3
 0 5 825 379 825 379 825 379 825 418 825 418 825 418 0 3 0 3
 255 5 71 202 71 202 71 119 479 119 479 50 504 50 0 1 0 4
 255 5 1033 197 1033 197 1093 197 1093 500 1033 500 1033 500 0 3 0 8
 0 5 1033 418 1033 418 1095 418 1095 721 1033 721 1033 721 0 3 0 8
 255 5 838 197 838 197 838 197 838 236 838 236 838 236 0 3 0 3
 255 5 929 197 929 197 929 197 929 236 929 236 929 236 0 3 0 3
 0 5 916 379 916 379 916 379 916 418 916 418 916 418 0 3 0 3
 0 5 1007 379 1007 379 1007 379 1007 418 1007 418 1007 418 0 3 0 3
 16744703 5 112 479 112 479 112 471 708 471 708 379 708 379 0 6 0 3
 16744448 5 93 479 93 479 695 479 695 479 695 379 695 379 0 6 0 3
 16777088 5 74 479 74 479 682 479 682 479 682 379 682 379 0 6 0 3
 8453888 5 55 479 55 479 669 479 669 479 669 379 669 379 0 6 0 3
 33023 5 669 366 669 366 669 361 240 361 240 353 240 353 0 3 0 3
 33023 5 682 366 682 366 682 373 747 373 747 366 747 366 0 3 0 3
 33023 5 708 366 708 366 708 361 760 361 760 366 760 366 0 3 0 3
 33023 5 773 366 773 366 773 348 253 348 253 353 253 353 0 3 0 3
 33023 5 266 353 266 353 266 359 299 359 299 275 305 275 0 3 0 3
 33023 5 604 379 604 379 604 388 780 388 780 366 786 366 0 3 0 3
 33023 5 643 275 643 275 643 321 808 321 808 366 799 366 0 3 0 3
 33023 5 812 366 812 366 812 372 279 372 279 353 279 353 0 3 0 3
 33023 5 695 366 695 366 695 362 292 362 292 353 292 353 0 3 0 3
 33023 5 305 353 305 353 305 300 292 300 292 275 292 275 0 3 0 3
 4227327 5 318 275 318 275 318 282 578 282 578 275 578 275 0 3 0 3
 4227327 5 591 275 591 275 585 275 585 163 525 163 525 146 0 3 0 4
 255 5 474 197 474 197 474 197 474 236 474 236 474 236 0 3 0 3
 0 5 552 379 552 379 552 379 552 418 552 418 552 418 0 3 0 3
 65535 5 578 379 578 379 578 372 760 372 760 275 760 275 0 3 0 3
 65535 5 604 366 604 366 604 373 773 373 773 275 773 275 0 3 0 3
 65535 5 786 275 786 275 786 373 383 373 383 366 383 366 0 3 0 3
 65535 5 669 353 669 353 669 361 370 361 370 366 370 366 0 3 0 3
 65535 5 396 366 402 366 402 297 266 297 266 275 266 275 0 3 0 3
 65535 5 630 379 630 379 630 388 793 388 793 275 799 275 0 3 0 3
 65535 5 643 262 643 262 643 268 812 268 812 275 812 275 0 3 0 3
 65535 5 825 275 825 275 825 321 351 321 351 366 344 366 0 3 0 3
 65535 5 695 353 695 353 695 358 838 358 838 353 838 353 0 3 0 3
 65535 5 708 353 708 353 708 359 851 359 851 353 851 353 0 3 0 3
 65535 5 864 353 864 353 864 360 331 360 331 366 331 366 0 3 0 3
 65535 5 357 366 357 366 357 361 253 361 253 275 253 275 0 3 0 3
 65535 5 279 275 279 275 279 282 604 282 604 275 604 275 0 3 0 3
 65535 5 617 275 617 275 609 275 609 155 538 155 538 146 0 3 0 4
 16744703 5 708 327 708 327 708 327 708 288 708 288 708 288 0 3 0 3
 16744448 5 695 327 695 327 695 327 695 288 695 288 695 288 0 3 0 3
 16777088 5 682 327 682 327 682 327 682 288 682 288 682 288 0 3 0 3
 8453888 5 669 327 669 327 669 327 669 288 669 288 669 288 0 3 0 3
 4210816 5 669 340 669 340 669 334 344 334 344 275 344 275 0 3 0 3
 4210816 5 708 340 708 340 708 334 344 334 344 275 357 275 0 3 0 3
 4210816 5 370 275 370 275 370 282 942 282 942 275 942 275 0 3 0 3
 4210816 5 682 340 682 340 682 335 401 335 401 275 383 275 0 3 0 3
 4210816 5 630 366 630 366 630 360 402 360 402 275 396 275 0 3 0 3
 4210816 5 409 275 409 275 409 282 955 282 955 275 955 275 0 3 0 3
 4210816 5 968 275 968 275 968 283 539 283 539 275 539 275 0 3 0 3
 4210816 5 552 275 552 275 547 275 547 146 551 146 551 146 0 3 0 4
 255 5 266 500 266 500 241 500 241 539 240 539 240 539 0 8 0 8
 255 5 331 500 331 500 331 500 331 539 331 539 331 539 0 8 0 8
 255 5 422 500 422 500 422 500 422 539 422 539 422 539 0 8 0 8
 255 5 799 500 799 500 799 500 799 539 799 539 799 539 0 8 0 8
 255 5 890 500 890 500 890 500 890 539 890 539 890 539 0 8 0 8
 255 5 981 500 981 500 981 500 981 539 981 539 981 539 0 8 0 8
 0 5 318 682 318 682 318 682 318 721 318 721 318 721 0 8 0 8
 0 5 409 682 409 682 409 682 409 721 409 721 409 721 0 8 0 8
 0 5 500 682 500 682 500 682 500 721 500 721 500 721 0 8 0 8
 0 5 1059 682 1059 682 1060 682 1060 721 1020 721 1020 721 0 8 0 8
 0 5 968 682 968 682 968 682 968 721 968 721 968 721 0 8 0 8
 0 5 877 682 877 682 877 682 877 721 877 721 877 721 0 8 0 8
 16744703 5 708 275 708 275 708 275 708 539 708 539 708 539 0 3 0 8
 16744448 5 695 275 695 275 695 275 695 539 695 539 695 539 0 3 0 8
 16777088 5 682 275 682 275 682 275 682 539 682 539 682 539 0 3 0 8
 8453888 5 669 275 669 275 669 275 669 539 669 539 669 539 0 3 0 8
 8453888 5 578 366 578 366 578 366 578 539 578 539 578 539 0 3 0 8
 16777088 5 604 353 604 353 598 353 598 539 591 539 591 539 0 3 0 8
 16744448 5 630 353 630 360 612 360 612 539 604 539 604 539 0 3 0 8
 16744703 5 643 249 643 322 623 322 623 539 617 539 617 539 0 3 0 8
 8718094 5 669 591 669 591 669 598 474 598 474 578 474 578 0 8 0 8
 8718094 5 500 578 500 578 500 507 925 507 925 379 929 379 0 8 0 3
 8718094 5 682 591 682 591 682 600 812 600 812 578 812 578 0 8 0 8
 8718094 5 604 591 604 591 604 605 825 605 825 578 825 578 0 8 0 8
 8718094 5 838 578 838 578 838 578 851 578 851 578 851 578 0 8 0 8
 8718094 5 708 591 708 591 708 598 864 598 864 578 864 578 0 8 0 8
 8718094 5 877 578 877 578 877 598 435 598 435 578 435 578 0 8 0 8
 8718094 5 695 591 695 598 800 598 800 643 799 643 799 643 0 8 0 8
 8718094 5 617 591 617 591 617 601 812 601 812 643 812 643 0 8 0 8
 8718094 5 825 643 825 643 825 598 448 598 448 578 448 578 0 8 0 8
 8718094 5 461 578 461 578 461 578 487 578 487 578 487 578 0 8 0 8
 8718094 5 591 591 591 591 591 623 838 623 838 643 838 643 0 8 0 8
 8718094 5 695 578 695 578 695 623 851 623 851 643 851 643 0 8 0 8
 8718094 5 864 643 864 643 864 649 474 649 474 643 474 643 0 8 0 8
 8718094 5 591 578 591 578 591 596 903 596 903 578 903 578 0 8 0 8
 8718094 5 617 578 617 578 617 595 916 595 916 578 916 578 0 8 0 8
 8718094 5 929 578 929 578 925 578 925 636 461 636 461 643 0 8 0 8
 8718094 5 487 643 487 643 487 597 937 597 937 379 942 379 0 8 0 3
 8718094 5 955 379 955 379 955 294 513 294 513 275 513 275 0 3 0 3
 8718094 5 526 275 526 275 558 275 558 146 564 146 564 146 0 3 0 4
 255 5 1020 197 1020 197 1020 197 1150 197 1150 197 1150 197 0 3 0 9
 0 5 1020 418 1020 418 1020 418 1150 418 1150 418 1150 418 0 3 0 9
 16744703 5 708 552 708 552 708 475 1223 475 1223 379 1228 379 0 8 0 9
 16744703 5 617 552 617 552 617 466 1163 466 1163 379 1163 379 0 8 0 9
 16744448 5 695 552 695 552 695 469 1215 469 1215 379 1215 379 0 8 0 9
 16744448 5 604 552 604 552 604 459 1150 459 1150 379 1150 379 0 8 0 9
 16777088 5 682 552 682 552 682 463 1202 463 1202 379 1202 379 0 8 0 9
 16777088 5 591 552 591 552 591 453 1137 453 1137 379 1137 379 0 8 0 9
 8453888 5 669 552 669 552 669 458 1189 458 1189 379 1189 379 0 8 0 9
 8453888 5 578 552 578 552 578 446 1124 446 1124 379 1124 379 0 8 0 9
 255 5 1683 197 1683 197 1683 197 1683 236 1683 236 1683 236 0 9 0 9
 255 5 1774 197 1774 197 1774 197 1774 236 1774 236 1774 236 0 9 0 9
 255 5 1865 197 1865 197 1865 197 1865 236 1865 236 1865 236 0 9 0 9
 0 5 1917 418 1917 418 1943 418 1943 418 1943 379 1943 379 0 9 0 9
 0 5 1852 379 1852 379 1852 379 1852 418 1852 418 1852 418 0 9 0 9
 0 5 1761 379 1761 379 1761 379 1761 418 1761 418 1761 418 0 9 0 9
 10753440 5 1163 366 1163 366 1163 387 1878 387 1878 379 1878 379 0 9 0 9
 10753440 5 1215 366 1207 366 1207 388 1865 388 1865 379 1865 379 0 9 0 9
 10753440 5 1124 366 1124 366 1124 297 1878 297 1878 275 1878 275 0 9 0 9
 10753440 5 1891 275 1891 275 1891 298 1696 298 1696 275 1696 275 0 9 0 9
 10753440 5 1124 353 1116 353 1116 298 1787 298 1787 275 1787 275 0 9 0 9
 10753440 5 1137 353 1116 353 1116 298 1800 298 1800 275 1800 275 0 9 0 9
 10753440 5 1150 353 1116 353 1116 297 1826 297 1826 275 1826 275 0 9 0 9
 10753440 5 1163 340 1159 340 1159 297 1839 297 1839 275 1839 275 0 9 0 9
 10753440 5 1748 379 1748 379 1748 298 1709 298 1709 275 1709 275 0 9 0 9
 10753440 5 1722 275 1722 275 1722 299 487 299 487 275 487 275 0 9 0 3
 10753440 5 500 275 500 275 507 275 507 172 577 172 577 146 0 3 0 4
 8388736 5 1189 366 1189 366 1189 388 1774 388 1774 379 1774 379 0 9 0 9
 8388736 5 1137 366 1137 366 1137 387 1787 387 1787 379 1787 379 0 9 0 9
 16744703 5 1228 327 1228 327 1228 327 1228 288 1228 288 1228 288 0 9 0 9
 16744703 5 1163 327 1163 327 1163 327 1163 327 1163 288 1163 288 0 9 0 9
 16744448 5 1215 327 1215 327 1215 327 1215 288 1215 288 1215 288 0 9 0 9
 16744448 5 1150 327 1150 327 1150 327 1150 288 1150 288 1150 288 0 9 0 9
 8453888 5 1189 327 1189 327 1189 327 1189 288 1189 288 1189 288 0 9 0 9
 8453888 5 1124 327 1124 327 1124 327 1124 288 1124 288 1124 288 0 9 0 9
 16777088 5 1202 327 1202 327 1202 327 1202 288 1202 288 1202 288 0 9 0 9
 16777088 5 1137 327 1137 327 1137 327 1137 288 1137 288 1137 288 0 9 0 9
 8388736 5 1150 340 1150 340 1150 388 1813 388 1813 379 1813 379 0 9 0 9
 8388736 5 1163 275 1158 275 1158 388 1826 388 1826 379 1826 379 0 9 0 9
 8388736 5 1839 379 1839 379 1839 388 1722 388 1722 379 1722 379 0 9 0 9
 8388736 5 1852 275 1852 275 1852 387 1735 387 1735 379 1735 379 0 9 0 9
 255 5 1501 197 1501 197 1501 197 1501 236 1501 236 1501 236 0 9 0 9
 255 5 1592 197 1592 197 1592 197 1592 236 1592 236 1592 236 0 9 0 9
 0 5 1579 379 1579 379 1579 379 1579 418 1579 418 1579 418 0 9 0 9
 0 5 1670 379 1670 379 1670 379 1670 418 1670 418 1670 418 0 9 0 9
 8421376 5 1163 262 1163 262 1163 279 1514 279 1514 275 1514 275 0 9 0 9
 8421376 5 1150 275 1150 275 1150 279 1527 279 1527 275 1527 275 0 9 0 9
 8421376 5 1137 275 1137 275 1137 280 1553 280 1553 275 1553 275 0 9 0 9
 8421376 5 1124 275 1124 275 1124 280 1566 280 1566 275 1566 275 0 9 0 9
 8421376 5 1124 262 1124 262 1124 317 1501 317 1501 340 1501 340 0 9 0 9
 8421376 5 1202 366 1195 366 1195 346 1514 346 1514 340 1514 340 0 9 0 9
 8421376 5 1215 353 1215 353 1215 346 1540 346 1540 340 1540 340 0 9 0 9
 8421376 5 1163 353 1163 353 1163 346 1553 346 1553 340 1553 340 0 9 0 9
 8421376 5 1566 340 1566 340 1566 334 1592 334 1592 340 1592 340 0 9 0 9
 8421376 5 1579 275 1579 275 1579 333 1605 333 1605 340 1605 340 0 9 0 9
 8421376 5 1618 340 1618 340 1611 340 1611 275 1605 275 1605 275 0 9 0 9
 8421376 5 1124 249 1124 249 1124 298 1904 298 1904 275 1904 275 0 9 0 9
 8421376 5 1202 353 1209 353 1209 299 1917 299 1917 275 1917 275 0 9 0 9
 8421376 5 1150 262 1150 262 1150 299 1930 299 1930 275 1930 275 0 9 0 9
 8421376 5 1189 353 1189 353 1189 388 1891 388 1891 379 1891 379 0 9 0 9
 8421376 5 1137 340 1137 340 1137 388 1904 388 1904 379 1904 379 0 9 0 9
 8421376 5 1150 249 1150 249 1150 387 1917 387 1917 379 1917 379 0 9 0 9
 8421376 5 1930 379 1930 379 1930 386 1638 386 1638 340 1631 340 0 9 0 9
 8421376 5 1943 275 1943 275 1943 299 1640 299 1640 340 1644 340 0 9 0 9
 8421376 5 1657 340 1657 340 1657 300 1618 300 1618 275 1618 275 0 9 0 9
 8421376 5 1631 275 1631 275 1631 300 474 300 474 379 474 379 0 9 0 3
 8421376 5 487 379 487 379 488 379 488 179 590 179 590 146 0 3 0 4
 12632256 5 669 578 669 578 669 603 253 603 253 578 253 578 0 8 0 8
 16744703 5 617 565 617 565 617 565 617 630 617 630 617 630 0 8 0 8
 16744448 5 604 578 604 578 604 578 604 630 604 630 604 630 0 8 0 8
 16777088 5 682 578 682 578 682 578 682 630 682 630 682 630 0 8 0 8
 16777088 5 591 565 591 565 591 565 591 630 591 630 591 630 0 8 0 8
 8453888 5 578 591 578 591 578 591 578 630 578 630 578 630 0 8 0 8
 8453888 5 669 565 669 565 669 565 669 630 669 630 669 630 0 8 0 8
 16744448 5 695 565 695 565 695 565 695 630 695 630 695 630 0 8 0 8
 16744703 5 708 578 708 578 708 578 708 630 708 630 708 630 0 8 0 8
 12632256 5 578 643 578 643 578 636 890 636 890 643 890 643 0 8 0 8
 12632256 5 591 643 591 643 591 635 903 635 903 643 903 643 0 8 0 8
 12632256 5 916 643 916 643 916 643 916 643 929 643 929 643 0 8 0 8
 12632256 5 695 643 695 643 695 635 942 635 942 643 942 643 0 8 0 8
 12632256 5 955 643 955 643 955 636 422 636 422 643 422 643 0 8 0 8
 12632256 5 682 643 682 643 682 636 942 636 942 578 942 578 0 8 0 8
 12632256 5 604 643 604 643 604 634 955 634 955 578 955 578 0 8 0 8
 12632256 5 968 578 968 578 968 636 435 636 435 643 435 643 0 8 0 8
 12632256 5 448 643 448 643 448 649 279 649 279 643 279 643 0 8 0 8
 12632256 5 695 656 695 656 695 635 981 635 981 643 981 643 0 8 0 8
 12632256 5 617 643 617 643 617 636 994 636 994 643 994 643 0 8 0 8
 12632256 5 1007 643 1007 643 1007 647 292 647 292 643 292 643 0 8 0 8
 12632256 5 305 643 305 643 305 603 266 603 266 578 266 578 0 8 0 8
 12632256 5 279 578 274 578 274 522 500 522 500 379 500 379 0 8 0 3
 12632256 5 513 379 513 379 513 146 513 146 603 146 603 146 0 3 0 4
18
 7004 1 14 559 288 5 0 43452440 0 3
 7032 1 14 234 288 5 0 43452440 0 3
 7008 1 14 832 288 5 0 43452440 0 3
 7032 1 14 325 288 5 0 43452440 0 3
 7008 1 14 741 288 5 0 43452440 0 3
 7004 1 14 468 288 5 0 44369944 0 3
 7032 1 14 923 288 5 0 42928152 0 3
 7032 1 14 234 591 5 0 1968152 0 8
 7032 1 14 325 591 5 0 1968152 0 8
 7032 1 14 416 591 5 0 1968152 0 8
 7008 1 14 975 591 5 0 1968152 0 8
 7008 1 14 884 591 5 0 1968152 0 8
 7008 1 14 793 591 5 0 1968152 0 8
 7021 1 14 1768 288 5 0 1968152 0 9
 7011 1 14 1859 288 5 0 1968152 0 9
 7032 1 14 1677 288 5 0 1968152 0 9
 7021 1 14 1495 288 5 0 16582680 0 9
 7032 1 14 1586 288 5 0 16582680 0 9
